87.5
70.5
59.75
54.0
50.75
48.5
46.75
45.75
44.75
44.5
44.25
43.75
43.75
43.5
43.25
43.25
43.0
42.5
42.75
42.5
42.0
42.25
42.0
41.75
42.25
41.75
41.5
41.75
41.25
41.25
41.5
41.25
41.0
40.75
40.75
40.75
40.5
40.5
40.25
40.0
39.75
39.5
38.75
38.5
37.5
36.5
35.5
34.5
33.5
33.0
32.75
33.0
33.0
32.75
32.5
32.25
31.875
31.625
31.5
31.25
31.125
30.875
30.875
30.75
30.625
30.5
30.375
30.375
30.125
30.0
29.875
29.875
29.75
29.5
29.5
29.5
29.375
29.375
29.25
29.125
29.125
29.125
29.0
28.875
29.0
28.875
28.875
28.75
28.75
28.875
28.75
28.75
28.75
28.75
28.75
28.75
28.75
28.75
28.75
28.875
28.75
28.75
28.75
28.625
28.625
28.75
28.75
28.625
28.625
28.625
28.625
28.625
28.625
28.5
28.625
28.625
28.625
28.625
28.625
28.625
28.75
28.625
28.625
28.625
28.625
28.625
28.5
28.625
28.625
28.625
28.625
28.625
28.625
28.625
28.625
28.625
28.625
28.625
28.625
28.625
28.625
28.625
28.5
28.625
28.625
28.5
28.375
28.375
28.625
28.5
28.5
28.5
28.375
28.5
28.5
28.5
28.5
28.5
28.375
28.375
28.25
28.125
27.875
27.875
27.75
27.875
27.625
27.25
27.5
26.875
26.75
26.5
26.5
25.75
25.375
24.75
23.75
23.375
22.875
22.375
22.25
21.625
21.375
20.875
20.625
20.375
20.0
19.625
19.5
19.0
18.75
18.5
18.125
17.625
17.375
17.0
16.75
16.5
16.375
15.9375
15.75
15.25
15.0
14.8125
14.625
14.375
14.125
13.8125
13.6875
13.5625
13.0625
13.0
12.875
12.5
12.4375
12.125
11.9375
11.75
11.625
11.375
11.0625
11.0
10.8125
10.75
10.5625
10.375
10.3125
10.125
10.0625
10.0
9.8125
9.75
9.4375
9.5
9.4375
9.3125
9.1875
9.0625
9.0625
9.0
8.875
8.75
8.8125
8.625
8.5625
8.6875
8.625
8.5
8.4375
8.125
8.25
8.25
8.0625
8.0625
8.0
7.875
7.78125
7.78125
7.84375
7.84375
8.3125
10.625
13.3125
7.90625
10.625
7.875
9.625
8.8125
8.4375
8.9375
8.1875
8.125
8.5
8.1875
7.71875
8.0625
8.125
7.65625
7.625
7.8125
7.6875
7.46875
7.59375
7.5625
7.4375
7.40625
7.46875
7.4375
7.375
7.21875
7.21875
7.25
7.1875
7.0625
7.15625
7.1875
7.0625
7.0625
7.0625
7.09375
6.9375
6.875
6.9375
6.9375
6.84375
6.875
6.84375
6.9375
6.75
6.78125
6.84375
6.6875
6.65625
6.625
6.65625
6.65625
6.53125
6.59375
6.625
6.5
6.53125
6.5625
6.5625
6.53125
6.4375
6.5
6.5
6.5
6.4375
6.46875
6.46875
6.46875
6.375
6.3125
6.40625
6.34375
6.3125
6.25
6.28125
6.1875
6.3125
6.28125
6.21875
6.21875
6.25
6.15625
6.09375
6.1875
6.28125
6.09375
6.21875
6.09375
6.09375
6.09375
6.15625
6.0625
6.03125
6.0
6.0
6.03125
5.96875
6.0
6.03125
5.96875
5.875
5.9375
5.8125
5.90625
5.90625
5.8125
5.84375
5.84375
5.78125
5.90625
5.75
5.78125
5.78125
5.78125
5.71875
5.78125
5.65625
5.65625
5.78125
5.78125
5.71875
5.65625
5.5625
5.5625
5.65625
5.6875
5.59375
5.59375
5.53125
5.59375
5.5
5.59375
5.53125
5.5
5.4375
5.53125
5.5625
5.5
5.375
5.46875
5.53125
5.40625
5.4375
5.53125
5.40625
5.40625
5.3125
5.375
5.3125
5.375
5.3125
5.25
5.3125
5.1875
5.21875
5.28125
5.09375
5.21875
5.125
5.125
5.15625
5.03125
5.0625
5.03125
5.03125
5.03125
4.96875
5.03125
4.96875
5.0
4.9375
4.875
4.90625
4.96875
4.9375
4.84375
4.90625
4.90625
4.875
4.78125
4.84375
4.96875
6.15625
14.0
11.1875
7.625
12.3125
7.0625
8.75
8.875
6.65625
7.5
8.4375
7.15625
6.375
7.0625
7.15625
6.5625
6.4375
6.5625
6.40625
6.1875
5.96875
6.15625
6.03125
5.8125
5.59375
5.65625
5.6875
5.65625
5.46875
5.46875
5.4375
5.28125
5.28125
5.3125
5.3125
5.21875
5.125
5.125
5.125
5.03125
4.96875
4.9375
4.96875
4.96875
4.96875
4.90625
4.8125
4.875
4.8125
4.8125
4.75
4.6875
4.75
4.71875
4.65625
4.65625
4.71875
4.6875
4.6875
4.65625
4.6875
4.6875
4.625
4.65625
4.65625
4.59375
4.65625
4.53125
4.53125
4.5625
4.5625
4.59375
4.53125
4.5625
4.5
4.59375
4.5625
4.5625
4.5625
4.46875
4.46875
4.4375
4.5
4.53125
4.46875
4.5
4.375
4.46875
4.5
4.5
4.46875
4.375
4.34375
4.46875
4.4375
4.25
4.375
4.40625
4.34375
4.40625
4.375
4.3125
4.375
4.34375
4.34375
4.3125
4.34375
4.40625
4.3125
4.34375
4.28125
4.25
4.3125
4.3125
4.28125
4.1875
4.25
4.28125
4.34375
4.3125
4.15625
4.21875
4.3125
4.25
4.25
4.1875
4.28125
4.15625
4.21875
4.25
4.25
4.25
4.15625
4.1875
4.15625
4.25
4.21875
4.125
4.25
4.1875
4.25
4.125
4.21875
4.125
4.125
4.15625
4.0625
4.1875
4.21875
4.09375
4.15625
4.125
4.15625
4.09375
4.125
4.03125
4.09375
4.125
4.0625
4.0
4.125
4.0625
4.0
4.15625
4.0625
4.0625
4.03125
4.15625
4.0625
4.0625
3.96875
4.03125
4.0
3.953125
4.03125
4.03125
4.03125
3.984375
3.984375
3.984375
3.9375
3.953125
4.0
3.9375
3.96875
3.9375
3.984375
3.96875
4.03125
3.96875
4.0
3.921875
4.03125
3.90625
3.921875
3.875
3.953125
3.96875
3.890625
3.828125
3.953125
3.953125
3.984375
3.921875
3.9375
3.921875
3.921875
3.984375
3.875
3.84375
3.828125
3.890625
3.875
3.859375
3.859375
3.859375
3.796875
3.828125
3.84375
3.796875
3.8125
3.828125
3.8125
3.859375
3.75
3.78125
3.71875
3.765625
3.796875
3.734375
3.75
3.765625
3.765625
3.71875
3.75
3.734375
3.734375
3.765625
3.6875
3.703125
3.75
3.6875
3.734375
3.703125
3.734375
3.703125
3.703125
3.75
3.71875
3.640625
3.6875
3.6875
3.703125
3.671875
3.609375
3.734375
3.671875
3.65625
3.65625
3.59375
3.6875
3.6875
3.546875
3.625
3.609375
3.59375
3.640625
3.546875
3.625
3.546875
3.609375
3.578125
3.46875
3.578125
3.5625
3.609375
3.625
3.546875
3.5
3.546875
3.515625
3.515625
3.53125
3.546875
3.609375
3.515625
3.546875
3.53125
3.484375
3.53125
3.5
3.46875
3.453125
3.59375
3.515625
3.5625
3.453125
3.453125
3.515625
3.453125
3.453125
3.4375
3.359375
3.46875
3.390625
3.46875
3.390625
3.421875
3.4375
3.421875
3.421875
3.4375
3.359375
3.359375
3.375
3.375
3.359375
3.390625
3.375
3.359375
3.34375
3.328125
3.34375
3.375
3.34375
3.3125
3.296875
3.375
3.265625
3.25
3.265625
3.34375
3.3125
3.34375
3.3125
3.25
3.28125
3.328125
3.296875
3.203125
3.296875
3.375
3.46875
4.5625
10.6875
11.5625
12.5
7.3125
9.125
9.4375
5.96875
6.625
7.5
6.625
