0.5544188022613525
0.3685164451599121
0.3081561028957367
0.34435540437698364
0.34420037269592285
0.3113354742527008
0.2920008897781372
0.29242873191833496
0.29623904824256897
0.289389967918396
0.2864971160888672
0.275798499584198
0.26332974433898926
0.24548597633838654
0.23320920765399933
0.21942488849163055
0.2166539430618286
0.199913889169693
0.18155084550380707
0.16955474019050598
0.1510634422302246
0.14870578050613403
0.1314307153224945
0.11984959244728088
0.11021721363067627
0.10518306493759155
0.0979144424200058
0.08785216510295868
0.08054468035697937
0.07370081543922424
0.07197917997837067
0.06865058839321136
0.0573689229786396
0.05383218824863434
0.0517902597784996
0.05098778009414673
0.04457991570234299
0.04348936304450035
0.04035983979701996
0.03779032826423645
0.03429888188838959
0.033257707953453064
0.03203653544187546
0.028432603925466537
0.025738071650266647
0.025591572746634483
0.023587044328451157
0.023489363491535187
0.0216952133923769
0.021158069372177124
0.020110130310058594
0.019414473325014114
0.019276173785328865
0.017750531435012817
0.016304394230246544
0.015181242488324642
0.01471915002912283
0.013883879408240318
0.013605501502752304
0.012538591399788857
0.01240430399775505
0.012169113382697105
0.011674975976347923
0.011418530717492104
0.010362120345234871
0.010559136047959328
0.010620282962918282
0.010126937180757523
0.00937468558549881
0.009250747971236706
0.008886337280273438
0.008759485557675362
0.009314234368503094
0.008515555411577225
0.00820714607834816
0.0083921505138278
0.007950334809720516
0.007480953820049763
0.007860099896788597
0.007678570691496134
0.0071814958937466145
0.0071525052189826965
0.0072823925875127316
0.006747257895767689
0.006682292558252811
0.00638470659032464
0.006667225155979395
0.0068595497868955135
0.006241748109459877
0.006172557361423969
0.006007512100040913
0.005983388051390648
0.006069593131542206
0.005962291732430458
0.005884208716452122
0.005678766407072544
0.0055491309612989426
0.005540946964174509
0.005390995182096958
0.005392617546021938
